 9.3514e-07, 1.5902e-26,          0
 9.3664e-07, 2.0492e-26,          0
 9.3813e-07, 2.5541e-26,          0
 9.3963e-07, 3.0656e-26,          0
 9.4112e-07, 3.5537e-26,          0
 9.4262e-07, 4.0382e-26,          0
 9.4411e-07, 4.5483e-26,          0
 9.4561e-07, 5.0583e-26,          0
  9.471e-07, 5.5938e-26,          0
  9.486e-07, 6.0783e-26,          0
 9.5009e-07, 6.5628e-26,          0
 9.5159e-07, 7.0474e-26,          0
 9.5308e-07, 7.5829e-26,          0
 9.5458e-07, 8.1695e-26,          0
 9.5608e-07, 8.8325e-26,          0
 9.5757e-07,  9.572e-26,          0
 9.5907e-07, 1.0414e-25,          0
 9.6056e-07, 1.1332e-25,          0
 9.6206e-07, 1.2352e-25,          0
 9.6355e-07, 1.3397e-25,          0
 9.6505e-07, 1.4519e-25,          0
 9.6654e-07, 1.5692e-25,          0
 9.6804e-07, 1.6942e-25,          0
 9.6953e-07, 1.8319e-25,          0
 9.7103e-07, 1.9874e-25,          0
 9.7252e-07, 2.1481e-25,          0
 9.7402e-07, 2.2858e-25,          0
 9.7551e-07, 2.4006e-25,          0
 9.7701e-07, 2.4822e-25,          0
  9.785e-07, 2.5204e-25,          0
    9.8e-07, 2.5153e-25,          0
  9.815e-07, 2.4643e-25,          0
 9.8299e-07, 2.3649e-25,          0
 9.8449e-07, 2.2144e-25,          0
 9.8598e-07, 2.0257e-25,          0
 9.8748e-07, 1.8293e-25,          0
 9.8897e-07, 1.6279e-25,          0
 9.9047e-07, 1.4417e-25,          0
 9.9196e-07, 1.2913e-25,          0
 9.9346e-07, 1.1714e-25,          0
 9.9495e-07, 1.0745e-25,          0
 9.9645e-07, 9.9035e-26,          0
 9.9794e-07, 9.1895e-26,          0
 9.9944e-07,  8.603e-26,          0
 1.0009e-06, 8.0929e-26,          0
 1.0024e-06, 7.6594e-26,          0
 1.0039e-06, 7.2004e-26,          0
 1.0054e-06, 6.5883e-26,          0
 1.0069e-06, 5.8488e-26,          0
 1.0084e-06, 5.0583e-26,          0
 1.0099e-06, 4.2678e-26,          0
 1.0114e-06, 3.4726e-26,          0
 1.0129e-06, 2.7143e-26,          0
 1.0144e-06, 2.0288e-26,          0
 1.0159e-06, 1.4189e-26,          0
 1.0174e-06,  9.363e-27,          0
 1.0189e-06, 5.5564e-27,          0
 1.0204e-06, 2.7695e-27,          0
 1.0219e-06, 1.0026e-27,          0
 1.0234e-06, 2.5584e-28,          0
 1.0249e-06,  6.528e-29,          0
 1.0264e-06, 1.6657e-29,          0
 1.0279e-06, 4.2506e-30,          0
 1.0293e-06, 1.0849e-30,          0
 1.0308e-06, 2.7716e-31,          0
 1.0323e-06, 7.1046e-32,          0
 1.0338e-06, 1.8454e-32,          0
 1.0353e-06,  5.035e-33,          0
 1.0368e-06, 1.2845e-33,          0
 1.0383e-06,  3.276e-34,          0
 1.0398e-06, 8.3446e-35,          0
 1.0413e-06, 2.1178e-35,          0
 1.0428e-06, 5.3237e-36,          0
 1.0443e-06,  1.315e-36,          0
 1.0458e-06, 3.3264e-37,          0
 1.0473e-06, 3.6645e-37,          0
 1.0488e-06, 4.0369e-37,          0
 1.0503e-06, 4.4472e-37,          0
 1.0518e-06, 4.8992e-37,          0
 1.0533e-06, 5.3971e-37,          0
 1.0548e-06, 5.9396e-37,          0
 1.0563e-06, 6.5372e-37,          0
 1.0578e-06, 7.1955e-37,          0
 1.0593e-06, 7.9207e-37,          0
 1.0607e-06, 8.7197e-37,          0
 1.0622e-06, 9.5998e-37,          0
 1.0637e-06, 1.0569e-36,          0
 1.0652e-06, 1.1638e-36,          0
 1.0667e-06, 1.2814e-36,          0
 1.0682e-06, 1.4117e-36,          0
 1.0697e-06, 1.5551e-36,          0
 1.0712e-06, 1.7132e-36,          0
 1.0727e-06, 1.8873e-36,          0
 1.0742e-06, 2.0791e-36,          0
 1.0757e-06, 2.2904e-36,          0
 1.0772e-06, 2.5232e-36,          0
 1.0787e-06, 2.7797e-36,          0
 1.0802e-06, 3.0622e-36,          0
 1.0817e-06, 3.3734e-36,          0
 1.0832e-06, 3.7162e-36,          0
 1.0847e-06, 4.0939e-36,          0
 1.0862e-06,   4.51e-36,          0
 1.0877e-06, 4.9633e-36,          0
 1.0892e-06, 5.4627e-36,          0
 1.0907e-06, 6.0128e-36,          0
 1.0922e-06, 6.6188e-36,          0
 1.0936e-06, 7.2865e-36,          0
 1.0951e-06,  8.022e-36,          0
 1.0966e-06, 8.8322e-36,          0
 1.0981e-06, 9.7248e-36,          0
 1.0996e-06, 1.0708e-35,          0
 1.1011e-06, 1.1796e-35,          0
 1.1026e-06, 1.2995e-35,          0
 1.1041e-06, 1.4316e-35,          0
 1.1056e-06, 1.5771e-35,          0
 1.1071e-06, 1.7374e-35,          0
 1.1086e-06,  1.914e-35,          0
 1.1101e-06, 2.1085e-35,          0
 1.1116e-06, 2.3228e-35,          0
 1.1131e-06, 2.5589e-35,          0
 1.1146e-06, 2.8189e-35,          0
 1.1161e-06, 3.1054e-35,          0
 1.1176e-06,  3.421e-35,          0
 1.1191e-06, 3.7649e-35,          0
 1.1206e-06, 4.1437e-35,          0
 1.1221e-06,  4.561e-35,          0
 1.1236e-06, 5.0207e-35,          0
  1.125e-06, 5.5271e-35,          0
 1.1265e-06,  6.085e-35,          0
  1.128e-06, 6.6996e-35,          0
 1.1295e-06, 7.3766e-35,          0
  1.131e-06, 8.1225e-35,          0
 1.1325e-06,  8.948e-35,          0
  1.134e-06, 9.8575e-35,          0
 1.1355e-06, 1.0859e-34,          0
  1.137e-06, 1.1963e-34,          0
 1.1385e-06, 1.3179e-34,          0
   1.14e-06, 1.4518e-34,          0
 1.1415e-06, 1.5994e-34,          0
  1.143e-06, 1.7619e-34,          0
 1.1445e-06,  1.941e-34,          0
  1.146e-06, 2.1383e-34,          0
 1.1475e-06, 2.3556e-34,          0
  1.149e-06,  2.595e-34,          0
 1.1505e-06, 2.8587e-34,          0
  1.152e-06, 3.1461e-34,          0
 1.1535e-06, 3.4626e-34,          0
  1.155e-06, 3.8113e-34,          0
 1.1565e-06, 4.1955e-34,          0
 1.1579e-06, 4.6186e-34,          0
 1.1594e-06, 5.0848e-34,          0
 1.1609e-06, 5.5984e-34,          0
 1.1624e-06, 6.1642e-34,          0
 1.1639e-06, 6.7875e-34,          0
 1.1654e-06, 7.4773e-34,          0
 1.1669e-06, 8.2372e-34,          0
 1.1684e-06, 9.0744e-34,          0
 1.1699e-06, 9.9967e-34,          0
 1.1714e-06, 1.1013e-33,          0
 1.1729e-06, 1.2132e-33,          0
 1.1744e-06, 1.3365e-33,          0
 1.1759e-06, 1.4723e-33,          0
 1.1774e-06,  1.622e-33,          0
 1.1789e-06, 1.7868e-33,          0
 1.1804e-06, 1.9684e-33,          0
 1.1819e-06, 2.1663e-33,          0
 1.1834e-06, 2.3842e-33,          0
 1.1849e-06, 2.6243e-33,          0
 1.1864e-06, 2.8888e-33,          0
 1.1878e-06, 3.1802e-33,          0
 1.1893e-06, 3.5012e-33,          0
 1.1908e-06, 3.8549e-33,          0
 1.1923e-06, 4.2444e-33,          0
 1.1938e-06, 4.6736e-33,          0
 1.1953e-06, 5.1486e-33,          0
 1.1968e-06, 5.6718e-33,          0
 1.1983e-06, 6.2483e-33,          0
 1.1998e-06, 6.8833e-33,          0
 1.2013e-06, 7.5829e-33,          0
 1.2028e-06, 8.3536e-33,          0
 1.2043e-06, 9.2026e-33,          0
 1.2058e-06, 1.0138e-32,          0
 1.2073e-06, 1.1168e-32,          0
 1.2088e-06, 1.2303e-32,          0
 1.2103e-06, 1.3554e-32,          0
 1.2118e-06, 1.4931e-32,          0
 1.2133e-06, 1.6449e-32,          0
 1.2148e-06, 1.8121e-32,          0
 1.2163e-06, 1.9942e-32,          0
 1.2178e-06, 2.1948e-32,          0
 1.2193e-06, 2.4159e-32,          0
 1.2208e-06, 2.6594e-32,          0
 1.2222e-06, 2.9276e-32,          0
 1.2237e-06, 3.2231e-32,          0
 1.2252e-06, 3.5486e-32,          0
 1.2267e-06, 3.9073e-32,          0
 1.2282e-06, 4.3023e-32,          0
 1.2297e-06, 4.7396e-32,          0
 1.2312e-06, 5.2213e-32,          0
 1.2327e-06,  5.752e-32,          0
 1.2342e-06, 6.3366e-32,          0
 1.2357e-06, 6.9806e-32,          0
 1.2372e-06,   7.69e-32,          0
 1.2387e-06, 8.4716e-32,          0
 1.2402e-06, 9.3326e-32,          0
 1.2417e-06, 1.0281e-31,          0
 1.2432e-06, 1.1326e-31,          0
 1.2447e-06, 1.2477e-31,          0
 1.2462e-06, 1.3745e-31,          0
 1.2477e-06, 1.5127e-31,          0
 1.2492e-06, 1.6649e-31,          0
 1.2507e-06, 1.8325e-31,          0
 1.2522e-06, 2.0172e-31,          0
 1.2536e-06, 2.2207e-31,          0
 1.2551e-06, 2.4449e-31,          0
 1.2566e-06, 2.6918e-31,          0
 1.2581e-06, 2.9638e-31,          0
 1.2596e-06, 3.2635e-31,          0
 1.2611e-06, 3.5952e-31,          0
 1.2626e-06, 3.9606e-31,          0
 1.2641e-06, 4.3631e-31,          0
 1.2656e-06, 4.8065e-31,          0
 1.2671e-06, 5.2951e-31,          0
 1.2686e-06, 5.8332e-31,          0
 1.2701e-06, 6.4261e-31,          0
 1.2716e-06, 7.0792e-31,          0
 1.2731e-06, 7.7986e-31,          0
 1.2746e-06, 8.5913e-31,          0
 1.2761e-06, 9.4644e-31,          0
 1.2776e-06, 1.0416e-30,          0
 1.2791e-06, 1.1475e-30,          0
 1.2806e-06,  1.263e-30,          0
 1.2821e-06, 1.3902e-30,          0
 1.2835e-06, 1.5303e-30,          0
 1.2851e-06, 1.6846e-30,          0
 1.2865e-06, 1.8546e-30,          0
  1.288e-06, 2.0419e-30,          0
 1.2895e-06, 2.2483e-30,          0
  1.291e-06, 2.4767e-30,          0
 1.2925e-06, 2.7271e-30,          0
  1.294e-06, 3.0043e-30,          0
 1.2955e-06, 3.3096e-30,          0
  1.297e-06,  3.646e-30,          0
 1.2985e-06, 4.0165e-30,          0
    1.3e-06, 4.4247e-30,          0
 1.3015e-06, 4.8744e-30,          0
  1.303e-06, 5.3698e-30,          0
 1.3045e-06, 5.9156e-30,          0
  1.306e-06, 6.5168e-30,          0
 1.3075e-06, 7.1792e-30,          0
  1.309e-06, 7.9088e-30,          0
 1.3105e-06, 8.7126e-30,          0
  1.312e-06, 9.5883e-30,          0
 1.3135e-06, 1.0553e-29,          0
  1.315e-06, 1.1616e-29,          0
 1.3165e-06, 1.2787e-29,          0
 1.3179e-06, 1.4076e-29,          0
 1.3194e-06, 1.5497e-29,          0
 1.3209e-06, 1.7062e-29,          0
 1.3224e-06, 1.8787e-29,          0
 1.3239e-06, 2.0686e-29,          0
 1.3254e-06, 2.2789e-29,          0
 1.3269e-06, 2.5105e-29,          0
 1.3284e-06, 2.7656e-29,          0
 1.3299e-06, 3.0467e-29,          0
 1.3314e-06, 3.3563e-29,          0
 1.3329e-06, 3.6975e-29,          0
 1.3344e-06, 4.0733e-29,          0
 1.3359e-06, 4.4872e-29,          0
 1.3374e-06, 4.9433e-29,          0
 1.3389e-06, 5.4457e-29,          0
 1.3404e-06, 5.9992e-29,          0
 1.3419e-06, 6.6021e-29,          0
 1.3434e-06, 7.2738e-29,          0
 1.3449e-06, 8.0056e-29,          0
 1.3464e-06, 8.8117e-29,          0
 1.3478e-06, 9.6998e-29,          0
 1.3494e-06, 1.0678e-28,          0
 1.3508e-06, 1.1756e-28,          0
 1.3523e-06, 1.2943e-28,          0
 1.3538e-06, 1.4251e-28,          0
 1.3553e-06, 1.5699e-28,          0
 1.3568e-06, 1.7286e-28,          0
 1.3583e-06, 1.9043e-28,          0
 1.3598e-06, 2.0978e-28,          0
 1.3613e-06, 2.3111e-28,          0
 1.3628e-06, 2.5459e-28,          0
 1.3643e-06, 2.8047e-28,          0
 1.3658e-06, 3.0897e-28,          0
 1.3673e-06, 3.4038e-28,          0
 1.3688e-06, 3.7497e-28,          0
 1.3703e-06, 4.1308e-28,          0
 1.3718e-06, 4.5506e-28,          0
 1.3733e-06, 5.0131e-28,          0
 1.3748e-06, 5.5226e-28,          0
 1.3763e-06, 6.0777e-28, 4.2577e-30
 1.3778e-06, 6.6892e-28, 9.0878e-30
 1.3793e-06, 7.3628e-28, 1.4567e-29
 1.3808e-06, 8.1049e-28, 2.0783e-29
 1.3822e-06, 8.9224e-28, 2.7834e-29
 1.3837e-06, 9.8231e-28, 3.5833e-29
 1.3852e-06, 1.0815e-27, 4.4908e-29
 1.3867e-06, 1.1908e-27, 5.5202e-29
 1.3882e-06, 1.3112e-27,  6.688e-29
 1.3897e-06, 1.4445e-27,  7.587e-29
 1.3912e-06, 1.5913e-27, 8.6068e-29
 1.3927e-06,  1.753e-27, 9.7637e-29
 1.3942e-06, 1.9312e-27, 1.1076e-28
 1.3957e-06, 2.1275e-27, 1.2565e-28
 1.3972e-06, 2.3437e-27, 1.4254e-28
 1.3987e-06, 2.5819e-27,  1.617e-28
 1.4002e-06, 2.8443e-27, 1.8343e-28
 1.4017e-06, 3.1334e-27, 2.0809e-28
 1.4032e-06, 3.4518e-27, 2.3606e-28
 1.4047e-06, 3.8027e-27, 2.6779e-28
 1.4062e-06, 4.1891e-27, 3.0379e-28
 1.4077e-06, 4.6102e-27, 3.4412e-28
 1.4092e-06,  5.074e-27, 3.8987e-28
 1.4107e-06,  5.585e-27, 4.4177e-28
 1.4122e-06, 6.1479e-27, 5.0065e-28
 1.4136e-06, 6.7681e-27, 5.6745e-28
 1.4151e-06, 7.4512e-27, 6.4322e-28
 1.4166e-06, 8.2038e-27, 7.2917e-28
 1.4181e-06, 9.0329e-27, 8.2668e-28
 1.4196e-06, 9.9462e-27,  9.373e-28
 1.4211e-06, 1.0957e-26, 1.0633e-27
 1.4226e-06, 1.2071e-26, 1.2062e-27
 1.4241e-06, 1.3297e-26, 1.3684e-27
 1.4256e-06, 1.4649e-26, 1.5523e-27
 1.4271e-06, 1.6138e-26, 1.7609e-27
 1.4286e-06, 1.7778e-26, 1.9976e-27
 1.4301e-06, 1.9585e-26, 2.2662e-27
 1.4316e-06, 2.1575e-26, 2.5708e-27
 1.4331e-06, 2.3768e-26, 2.9163e-27
 1.4346e-06, 2.6184e-26, 3.3083e-27
 1.4361e-06, 2.8845e-26,  3.753e-27
 1.4376e-06, 3.1776e-26, 4.2575e-27
 1.4391e-06, 3.5006e-26, 4.8298e-27
 1.4406e-06, 3.8524e-26,  5.471e-27
 1.4421e-06,   4.24e-26, 6.1984e-27
 1.4436e-06,  4.667e-26, 7.0235e-27
 1.4451e-06,  5.088e-26, 7.9596e-27
 1.4465e-06, 5.5251e-26, 9.0215e-27
  1.448e-06, 5.9749e-26, 1.0226e-26
 1.4495e-06, 6.4335e-26, 1.1593e-26
  1.451e-06, 6.8966e-26, 1.3126e-26
 1.4525e-06,  7.385e-26, 1.4815e-26
  1.454e-06, 7.8973e-26, 1.6653e-26
 1.4555e-06, 8.4499e-26, 1.8619e-26
  1.457e-06, 9.0109e-26, 2.0695e-26
 1.4585e-06, 9.6229e-26, 2.2862e-26
   1.46e-06, 1.0286e-25, 2.5097e-26
 1.4615e-06, 1.0974e-25, 2.7632e-26
  1.463e-06, 1.1688e-25, 3.0182e-26
 1.4645e-06, 1.2453e-25, 3.2732e-26
  1.466e-06, 1.3219e-25, 3.5537e-26
 1.4675e-06, 1.3984e-25, 3.8342e-26
  1.469e-06, 1.4723e-25, 4.1403e-26
 1.4705e-06, 1.5463e-25, 4.4463e-26
  1.472e-06, 1.6202e-25, 4.7778e-26
 1.4735e-06, 1.6916e-25, 5.1093e-26
  1.475e-06, 1.7605e-25, 5.4408e-26
 1.4765e-06, 1.8268e-25, 5.7978e-26
 1.4779e-06,  1.888e-25, 6.1548e-26
 1.4794e-06, 1.9441e-25, 6.5118e-26
 1.4809e-06, 1.9976e-25, 6.8944e-26
 1.4824e-06, 2.0461e-25, 7.2769e-26
 1.4839e-06,  2.092e-25, 7.6849e-26
 1.4854e-06, 2.1353e-25, 8.0929e-26
 1.4869e-06, 2.1761e-25, 8.5009e-26
 1.4884e-06, 2.2118e-25, 8.9089e-26
 1.4899e-06,  2.245e-25, 9.3169e-26
 1.4914e-06, 2.2756e-25, 9.7505e-26
 1.4929e-06, 2.3062e-25, 1.0184e-25
 1.4944e-06, 2.3368e-25, 1.0617e-25
 1.4959e-06, 2.3699e-25, 1.1051e-25
 1.4974e-06, 2.4056e-25, 1.1485e-25
 1.4989e-06, 2.4363e-25, 1.1918e-25
 1.5004e-06, 2.4643e-25, 1.2403e-25
 1.5019e-06, 2.4975e-25, 1.2913e-25
 1.5034e-06, 2.5332e-25, 1.3448e-25
 1.5049e-06,  2.574e-25, 1.4035e-25
 1.5064e-06, 2.6199e-25, 1.4698e-25
 1.5079e-06, 2.6683e-25, 1.5412e-25
 1.5093e-06, 2.7219e-25, 1.6228e-25
 1.5108e-06,  2.778e-25,  1.712e-25
 1.5123e-06, 2.8494e-25,  1.814e-25
 1.5138e-06, 2.9386e-25, 1.9288e-25
 1.5153e-06, 3.0432e-25, 2.0614e-25
 1.5168e-06, 3.1732e-25,  2.222e-25
 1.5183e-06, 3.3313e-25, 2.4158e-25
 1.5198e-06, 3.5226e-25, 2.6403e-25
 1.5213e-06, 3.7394e-25, 2.9004e-25
 1.5228e-06, 3.9714e-25,  3.186e-25
 1.5243e-06,  4.206e-25, 3.4843e-25
 1.5258e-06, 4.4233e-25, 3.7776e-25
 1.5273e-06, 4.6146e-25, 4.0428e-25
 1.5288e-06, 4.7574e-25, 4.2672e-25
 1.5303e-06, 4.8033e-25, 4.4304e-25
 1.5318e-06, 4.7727e-25, 4.5171e-25
 1.5333e-06,  4.663e-25, 4.5248e-25
 1.5348e-06, 4.4947e-25, 4.4661e-25
 1.5363e-06, 4.2831e-25, 4.3565e-25
 1.5378e-06, 4.0433e-25, 4.2111e-25
 1.5393e-06, 3.7954e-25, 4.0479e-25
 1.5408e-06, 3.5404e-25, 3.8872e-25
 1.5422e-06, 3.3007e-25, 3.7368e-25
 1.5437e-06, 3.1146e-25, 3.6067e-25
 1.5452e-06, 2.9565e-25, 3.5047e-25
 1.5467e-06, 2.8239e-25, 3.4333e-25
 1.5482e-06,  2.704e-25, 3.3772e-25
 1.5497e-06, 2.5918e-25, 3.3262e-25
 1.5512e-06, 2.4873e-25, 3.2803e-25
 1.5527e-06, 2.3827e-25, 3.2319e-25
 1.5542e-06, 2.2807e-25, 3.1809e-25
 1.5557e-06, 2.1787e-25, 3.1273e-25
 1.5572e-06, 2.0767e-25, 3.0661e-25
 1.5587e-06, 1.9747e-25, 2.9947e-25
 1.5602e-06, 1.8727e-25, 2.9157e-25
 1.5617e-06, 1.7681e-25, 2.8239e-25
 1.5632e-06,  1.661e-25, 2.7219e-25
 1.5647e-06, 1.5488e-25, 2.6071e-25
 1.5662e-06, 1.4341e-25, 2.4847e-25
 1.5677e-06, 1.3193e-25, 2.3546e-25
 1.5692e-06, 1.2071e-25, 2.2169e-25
 1.5707e-06, 1.0975e-25, 2.0767e-25
 1.5722e-06, 9.9291e-26, 1.9415e-25
 1.5736e-06, 8.9345e-26, 1.8089e-25
 1.5751e-06,  8.042e-26,  1.684e-25
 1.5766e-06, 7.2514e-26, 1.5641e-25
 1.5781e-06, 6.5374e-26,  1.457e-25
 1.5796e-06, 5.9253e-26, 1.3601e-25
 1.5811e-06, 5.3643e-26, 1.2734e-25
 1.5826e-06, 4.8798e-26, 1.1969e-25
 1.5841e-06, 4.4718e-26, 1.1331e-25
 1.5856e-06, 4.1147e-26,  1.077e-25
 1.5871e-06, 3.8087e-26, 1.0286e-25
 1.5886e-06, 3.5537e-26, 9.8525e-26
 1.5901e-06, 3.2987e-26, 9.5209e-26
 1.5916e-06, 3.0692e-26, 9.2149e-26
 1.5931e-06, 2.8397e-26, 8.9344e-26
 1.5946e-06, 2.6612e-26, 8.6794e-26
 1.5961e-06, 2.4827e-26, 8.4499e-26
 1.5976e-06, 2.3042e-26, 8.2459e-26
 1.5991e-06, 2.1512e-26, 8.0419e-26
 1.6006e-06, 1.9982e-26, 7.8379e-26
 1.6021e-06, 1.8452e-26, 7.6594e-26
 1.6036e-06, 1.7177e-26, 7.4554e-26
  1.605e-06, 1.6157e-26, 7.2514e-26
 1.6065e-06, 1.5137e-26, 7.0474e-26
  1.608e-06, 1.4117e-26, 6.8689e-26
 1.6095e-06, 1.3097e-26, 6.6903e-26
  1.611e-06, 1.2332e-26, 6.4863e-26
 1.6125e-06, 1.1312e-26, 6.3078e-26
  1.614e-06, 1.0546e-26, 6.1293e-26
 1.6155e-06, 9.7814e-27, 5.9508e-26
  1.617e-06, 9.0163e-27, 5.7723e-26
 1.6185e-06, 8.2513e-27, 5.6193e-26
   1.62e-06, 7.4863e-27, 5.4663e-26
 1.6215e-06, 6.7213e-27, 5.2878e-26
  1.623e-06, 6.2113e-27, 5.1093e-26
 1.6245e-06, 5.7013e-27, 4.9308e-26
  1.626e-06, 5.1912e-27, 4.7523e-26
 1.6275e-06, 4.6812e-27, 4.5738e-26
  1.629e-06, 4.1712e-27, 4.3953e-26
 1.6305e-06, 3.6612e-27, 4.2423e-26
  1.632e-06, 3.1512e-27, 4.0637e-26
 1.6335e-06, 2.8962e-27, 3.9107e-26
  1.635e-06, 2.3862e-27, 3.7577e-26
 1.6365e-06, 1.8762e-27, 3.6047e-26
 1.6379e-06, 1.3662e-27, 3.4772e-26
 1.6394e-06, 1.1111e-27, 3.3242e-26
 1.6409e-06, 7.2862e-28, 3.1967e-26
 1.6424e-06,  2.186e-28, 3.0692e-26
 1.6439e-06,          0, 2.9417e-26
 1.6454e-06,          0, 2.8033e-26
 1.6469e-06,          0, 2.6918e-26
 1.6484e-06,          0, 2.5847e-26
 1.6499e-06,          0, 2.5082e-26
