4G7/2-6H15/2,	0.0000000,	0.0042000,	0.0001000,	35891
4L17/2-6H15/2,	0.0003000,	0.0088000,	0.0018000,	35047
4G11/2-6H15/2,	0.0016000,	0.0054000,	0.0075000,	34954
4F5/2-6H15/2,	0.0000000,	0.0000000,	0.0004000,	34398
4G9/2-6H15/2,	0.0000000,	0.0007000,	0.0041000,	34311
4H11/2-6H15/2,	0.0029000,	0.0018000,	0.0022000,	34307
4D7/2-6H15/2,	0.0000000,	0.0661000,	0.0016000,	33834
4K13/2-6H15/2,	0.0060000,	0.0024000,	0.0000000,	33776
4F3/2-6H15/2,	0.0000000,	0.0000000,	0.0045000,	33642
4H13/2-6H15/2,	0.0099000,	0.0100000,	0.0016000,	33471
4L19/2-6H15/2,	0.0004000,	0.0203000,	0.0056000,	32187
4D5/2-6H15/2,	0.0000000,	0.0000000,	0.0000000,	31857
4D1/2-6H15/2,	0.0000000,	0.0000000,	0.0000000,	31842
4K15/2-6H15/2,	0.0028000,	0.0001000,	0.0093000,	31795
4G7/2-6H15/2,	0.0000000,	0.0066000,	0.0002000,	31560
4M17/2-6H15/2,	0.0032000,	0.0000000,	0.0012000,	30892
6P3/2-6H15/2,	0.0000000,	0.0000000,	0.1095000,	30803
4G9/2-6H15/2,	0.0000000,	0.0014000,	0.0005000,	30200
4I9/2-6H15/2,	0.0000000,	0.0003000,	0.0003000,	29885
4F5/2-6H15/2,	0.0000000,	0.0000000,	0.0249000,	29593
4M15/2-6H15/2,	0.0023000,	0.0005000,	0.0009000,	29244
6P7/2-6H15/2,	0.0000000,	0.5222000,	0.1225000,	28551
4I11/2-6H15/2,	0.0001000,	0.0000000,	0.0074000,	28152
6P5/2-6H15/2,	0.0000000,	0.0000000,	0.0697000,	27503
4P3/2-6H15/2,	0.0000000,	0.0000000,	0.0448000,	27254
4M19/2-6H15/2,	0.0004000,	0.0145000,	0.0003000,	27219
4K17/2-6H15/2,	0.0109000,	0.0048000,	0.0935000,	26365
4M21/2-6H15/2,	0.0000000,	0.0102000,	0.0822000,	26341
4I13/2-6H15/2,	0.0041000,	0.0013000,	0.0248000,	25919
4F7/2-6H15/2,	0.0000000,	0.0768000,	0.0263000,	25754
4G11/2-6H15/2,	0.0004070,	0.0144856,	0.0002256,	23321
4I15/2-6H15/2,	0.0072833,	0.0003627,	0.0668737,	22293
4F9/2-6H15/2,	0.0000000,	0.0047065,	0.0293262,	21144
6F1/2-6H15/2,	0.0000000,	0.0000000,	0.0000000,	13760
6F3/2-6H15/2,	0.0000000,	0.0000000,	0.0609962,	13212
6F5/2-6H15/2,	0.0000000,	0.0000000,	0.3451551,	12432
6F7/2-6H15/2,	0.0000000,	0.1359595,	0.7145718,	11025
6H5/2-6H15/2,	0.0000000,	0.0000000,	0.0026596,	10169
6H7/2-6H15/2,	0.0000000,	0.0006974,	0.0391912,	 9115
6F9/2-6H15/2,	0.0000000,	0.5736649,	0.7213378,	 9087
6F11/2-6H15/2,	0.9386688,	0.8291999,	0.2045829,	 7730
6H9/2-6H15/2,	0.0000000,	0.0176503,	0.1983216,	 7692
6H11/2-6H15/2,	0.0922812,	0.0366583,	0.6399942,	 5833
6H13/2-6H15/2,	0.2456857,	0.4139030,	0.6822546,	 3506
