2D5/2-4I15/2,	0.0000000,	0.0000000,	0.0228000,	34800
4G7/2-4I15/2,	0.0000000,	0.0334000,	0.0029000,	34022
2P1/2-4I15/2,	0.0000000,	0.0000000,	0.0000000,	33453
4G5/2-4I15/2,	0.0000000,	0.0000000,	0.0026000,	33389
2K13/2-4I15/2,	0.0032000,	0.0029000,	0.0152000,	33085
2P3/2-4I15/2,	0.0000000,	0.0000000,	0.0172000,	31653
2G7/2-4I15/2,	0.0000000,	0.0174109,	0.1163147,	27979
2K15/2-4I15/2,	0.0219741,	0.0040950,	0.0757543,	27801
4G9/2-4I15/2,	0.0000000,	0.2415402,	0.1234371,	26496
4G11/2-4I15/2,	0.9183570,	0.5260874,	0.1171760,	26496
2G9/2-4I15/2,	0.0000000,	0.0189597,	0.2255537,	24505
4F3/2-4I15/2,	0.0000000,	0.0000000,	0.1272004,	22422
4F5/2-4I15/2,	0.0000000,	0.0000000,	0.2232101,	22074
4F7/2-4I15/2,	0.0000000,	0.1468776,	0.6265381,	20422
2H11/2-4I15/2,	0.7125540,	0.4123647,	0.0924666,	19256
4S3/2-4I15/2,	0.0000000,	0.0000000,	0.2211363,	18462
4F9/2-4I15/2,	0.0000000,	0.5353863,	0.4617945,	15245
4I9/2-4I15/2,	0.1181329,	0.0000000,	0.0099097,	12378
4I11/2-4I15/2,	0.0281916,	0.0003049,	0.3952644,	10219
4I13/2-4I15/2,	0.0194984,	0.1173353,	1.4316383,	 6610