5L9-7F0,	0.0000000,	0.0000000,	0.0000000,	28244
5D4-7F0,	0.0000000,	0.0000000,	0.0011000,	27641
5L8-7F0,	0.0000000,	0.0000000,	0.0000000,	27435
5G6-7F0,	0.0000000,	0.0000000,	0.0038000,	26762
5G5-7F0,	0.0000000,	0.0000000,	0.0000000,	26733
5G4-7F0,	0.0000000,	0.0007000,	0.0000000,	26672
5G3-7F0,	0.0000000,	0.0000000,	0.0000000,	26535
5L7-7F0,	0.0000000,	0.0000000,	0.0000000,	26469
5G2-7F0,	0.0006000,	0.0000000,	0.0000000,	26296
5L6-7F0,	0.0000000,	0.0000000,	0.0155424,	25375
5D3-7F0,	0.0000000,	0.0000000,	0.0000000,	24389
5D2-7F0,	0.0008163,	0.0000000,	0.0000000,	21499
5D1-7F0,	0.0000000,	0.0000000,	0.0000000,	19026
5D0-7F0,	0.0000000,	0.0000000,	0.0000000,	17286
7F6-7F0,	0.0000000,	0.0000000,	0.1449809,	 5029
7F5-7F0,	0.0000000,	0.0000000,	0.0000000,	 3927
7F4-7F0,	0.0000000,	0.1401885,	0.0000000,	 2866
7F3-7F0,	0.0000000,	0.0000000,	0.0000000,	 1880
7F2-7F0,	0.1374713,	0.0000000,	0.0000000,	 1018
7F1-7F0,	0.0000000,	0.0000000,	0.0000000,	  350