3F4-7F6,	0.0014000,	0.0014000,	0.0022000,	35380
5I8-7F6,	0.0000400,	0.0067000,	0.0193000,	35262
5H3-7F6,	0.0000000,	0.0000000,	0.0000000,	35040
5F5-7F6,	0.0030000,	0.0038000,	0.0026000,	34927
5H4-7F6,	0.0000000,	0.0002000,	0.0004000,	34442
5H5-7F6,	0.0004000,	0.0002000,	0.0037000,	33900
5H6-7F6,	0.0027000,	0.0000000,	0.0126000,	33027
5H7-7F6,	0.0060000,	0.0019000,	0.0131000,	31557
5D0-7F6,	0.0000000,	0.0000000,	0.0001000,	31228
5D1-7F6,	0.0000000,	0.0000000,	0.0003000,	30658
5G2-7F6,	0.0000000,	0.0000000,	0.0005000,	29577
5L6-7F6,	0.0001000,	0.0001000,	0.0003000,	29550
5L7-7F6,	0.0005000,	0.0001000,	0.0119000,	29450
5L8-7F6,	0.0000000,	0.0001000,	0.0235000,	29202
5G3-7F6,	0.0000000,	0.0001000,	0.0031000,	29007
5L9-7F6,	0.0000000,	0.0021083,	0.0466444,	28503
5G4-7F6,	0.0001138,	0.0003057,	0.0090829,	28319
5D2-7F6,	0.0000000,	0.0000025,	0.0008478,	28150
5G5-7F6,	0.0012448,	0.0018570,	0.0135276,	27795
5L10-7F6,	0.0000000,	0.0003645,	0.0592076,	27146
5G6-7F6,	0.0017350,	0.0045219,	0.0118359,	26425
5D3-7F6,	0.0000000,	0.0002279,	0.0014160,	26336
5D4-7F6,	0.0010173,	0.0007952,	0.0013156,	20545
7F0-7F6,	0.0000000,	0.0000000,	0.1441772,	 5703
7F1-7F6,	0.0000000,	0.0000000,	0.3762640,	 5481
7F2-7F6,	0.0000000,	0.0481727,	0.4695084,	 5028
7F3-7F6,	0.0000000,	0.2323502,	0.4126180,	 4344
7F4-7F6,	0.0888758,	0.5158381,	0.2653935,	 3370
7F5-7F6,	0.5376446,	0.6418000,	0.1174817,	 2112