 8.500e-07, 3.74e-26, 2.09e-29
 8.510e-07, 4.25e-26, 2.38e-29
 8.520e-07, 4.51e-26, 2.98e-29
 8.530e-07, 4.67e-26, 3.28e-29
 8.540e-07, 5.10e-26, 3.58e-29
 8.550e-07, 5.45e-26, 4.18e-29
 8.560e-07, 5.68e-26, 4.78e-29
 8.570e-07, 6.09e-26, 5.38e-29
 8.580e-07, 6.36e-26, 5.98e-29
 8.590e-07, 6.49e-26, 6.58e-29
 8.600e-07, 6.71e-26, 7.18e-29
 8.610e-07, 6.98e-26, 8.08e-29
 8.620e-07, 7.66e-26, 9.58e-29
 8.630e-07, 8.44e-26, 1.11e-28
 8.640e-07, 9.26e-26, 1.32e-28
 8.650e-07, 1.01e-25, 1.53e-28
 8.660e-07, 1.08e-25, 1.74e-28
 8.670e-07, 1.13e-25, 1.95e-28
 8.680e-07, 1.19e-25, 2.19e-28
 8.690e-07, 1.24e-25, 2.43e-28
 8.700e-07, 1.30e-25, 2.73e-28
 8.710e-07, 1.37e-25, 3.06e-28
 8.720e-07, 1.45e-25, 3.46e-28
 8.730e-07, 1.53e-25, 3.91e-28
 8.740e-07, 1.61e-25, 4.39e-28
 8.750e-07, 1.70e-25, 4.93e-28
 8.760e-07, 1.78e-25, 5.51e-28
 8.770e-07, 1.87e-25, 6.17e-28
 8.780e-07, 1.96e-25, 6.90e-28
 8.790e-07, 2.06e-25, 7.68e-28
 8.800e-07, 2.15e-25, 8.59e-28
 8.810e-07, 2.25e-25, 9.59e-28
 8.820e-07, 2.35e-25, 1.07e-27
 8.830e-07, 2.47e-25, 1.19e-27
 8.840e-07, 2.59e-25, 1.33e-27
 8.850e-07, 2.72e-25, 1.49e-27
 8.860e-07, 2.85e-25, 1.66e-27
 8.870e-07, 2.99e-25, 1.86e-27
 8.880e-07, 3.13e-25, 2.07e-27
 8.890e-07, 3.27e-25, 2.29e-27
 8.900e-07, 3.40e-25, 2.54e-27
 8.910e-07, 3.53e-25, 2.81e-27
 8.920e-07, 3.67e-25, 3.10e-27
 8.930e-07, 3.80e-25, 3.42e-27
 8.940e-07, 3.94e-25, 3.77e-27
 8.950e-07, 4.08e-25, 4.16e-27
 8.960e-07, 4.23e-25, 4.58e-27
 8.970e-07, 4.38e-25, 5.04e-27
 8.980e-07, 4.53e-25, 5.54e-27
 8.990e-07, 4.69e-25, 6.09e-27
 9.000e-07, 4.84e-25, 6.69e-27
 9.010e-07, 5.00e-25, 7.34e-27
 9.020e-07, 5.15e-25, 8.03e-27
 9.030e-07, 5.31e-25, 8.80e-27
 9.040e-07, 5.46e-25, 9.61e-27
 9.050e-07, 5.62e-25, 1.05e-26
 9.060e-07, 5.77e-25, 1.14e-26
 9.070e-07, 5.91e-25, 1.24e-26
 9.080e-07, 6.04e-25, 1.35e-26
 9.090e-07, 6.17e-25, 1.46e-26
 9.100e-07, 6.29e-25, 1.58e-26
 9.110e-07, 6.40e-25, 1.71e-26
 9.120e-07, 6.50e-25, 1.84e-26
 9.130e-07, 6.59e-25, 1.98e-26
 9.140e-07, 6.67e-25, 2.13e-26
 9.150e-07, 6.73e-25, 2.28e-26
 9.160e-07, 6.78e-25, 2.43e-26
 9.170e-07, 6.81e-25, 2.59e-26
 9.180e-07, 6.82e-25, 2.75e-26
 9.190e-07, 6.82e-25, 2.92e-26
 9.200e-07, 6.81e-25, 3.09e-26
 9.210e-07, 6.79e-25, 3.26e-26
 9.220e-07, 6.75e-25, 3.44e-26
 9.230e-07, 6.71e-25, 3.62e-26
 9.240e-07, 6.65e-25, 3.80e-26
 9.250e-07, 6.57e-25, 3.98e-26
 9.260e-07, 6.48e-25, 4.15e-26
 9.270e-07, 6.38e-25, 4.33e-26
 9.280e-07, 6.26e-25, 4.50e-26
 9.290e-07, 6.14e-25, 4.67e-26
 9.300e-07, 6.02e-25, 4.85e-26
 9.310e-07, 5.90e-25, 5.03e-26
 9.320e-07, 5.77e-25, 5.21e-26
 9.330e-07, 5.64e-25, 5.39e-26
 9.340e-07, 5.52e-25, 5.57e-26
 9.350e-07, 5.39e-25, 5.76e-26
 9.360e-07, 5.25e-25, 5.94e-26
 9.370e-07, 5.12e-25, 6.13e-26
 9.380e-07, 4.99e-25, 6.31e-26
 9.390e-07, 4.86e-25, 6.50e-26
 9.400e-07, 4.73e-25, 6.68e-26
 9.410e-07, 4.60e-25, 6.87e-26
 9.420e-07, 4.47e-25, 7.06e-26
 9.430e-07, 4.34e-25, 7.25e-26
 9.440e-07, 4.22e-25, 7.46e-26
 9.450e-07, 4.11e-25, 7.67e-26
 9.460e-07, 4.01e-25, 7.90e-26
 9.470e-07, 3.91e-25, 8.15e-26
 9.480e-07, 3.83e-25, 8.43e-26
 9.490e-07, 3.76e-25, 8.74e-26
 9.500e-07, 3.70e-25, 9.08e-26
 9.510e-07, 3.66e-25, 9.47e-26
 9.520e-07, 3.63e-25, 9.92e-26
 9.530e-07, 3.61e-25, 1.04e-25
 9.540e-07, 3.62e-25, 1.10e-25
 9.550e-07, 3.64e-25, 1.17e-25
 9.560e-07, 3.67e-25, 1.24e-25
 9.570e-07, 3.69e-25, 1.32e-25
 9.580e-07, 3.72e-25, 1.41e-25
 9.590e-07, 3.76e-25, 1.50e-25
 9.600e-07, 3.79e-25, 1.59e-25
 9.610e-07, 3.83e-25, 1.70e-25
 9.620e-07, 3.89e-25, 1.82e-25
 9.630e-07, 3.95e-25, 1.95e-25
 9.640e-07, 4.04e-25, 2.10e-25
 9.650e-07, 4.16e-25, 2.28e-25
 9.660e-07, 4.36e-25, 2.52e-25
 9.670e-07, 4.69e-25, 2.86e-25
 9.680e-07, 5.26e-25, 3.38e-25
 9.690e-07, 6.15e-25, 4.16e-25
 9.700e-07, 7.49e-25, 5.35e-25
 9.710e-07, 9.45e-25, 7.10e-25
 9.720e-07, 1.29e-24, 1.02e-24
 9.730e-07, 1.66e-24, 1.38e-24
 9.740e-07, 2.07e-24, 1.82e-24
 9.750e-07, 2.35e-24, 2.17e-24
 9.760e-07, 2.50e-24, 2.44e-24
 9.770e-07, 2.46e-24, 2.53e-24
 9.780e-07, 2.29e-24, 2.48e-24
 9.790e-07, 2.01e-24, 2.29e-24
 9.800e-07, 1.57e-24, 1.88e-24
 9.810e-07, 1.27e-24, 1.60e-24
 9.820e-07, 9.95e-25, 1.32e-24
 9.830e-07, 7.57e-25, 1.06e-24
 9.840e-07, 5.70e-25, 8.38e-25
 9.850e-07, 4.36e-25, 6.74e-25
 9.860e-07, 3.43e-25, 5.57e-25
 9.870e-07, 2.78e-25, 4.74e-25
 9.880e-07, 2.32e-25, 4.17e-25
 9.890e-07, 1.98e-25, 3.75e-25
 9.900e-07, 1.72e-25, 3.43e-25
 9.910e-07, 1.53e-25, 3.20e-25
 9.920e-07, 1.40e-25, 3.07e-25
 9.930e-07, 1.31e-25, 3.02e-25
 9.940e-07, 1.25e-25, 3.03e-25
 9.950e-07, 1.21e-25, 3.09e-25
 9.960e-07, 1.19e-25, 3.18e-25
 9.970e-07, 1.16e-25, 3.27e-25
 9.980e-07, 1.14e-25, 3.38e-25
 9.990e-07, 1.12e-25, 3.49e-25
 1.000e-06, 1.11e-25, 3.61e-25
 1.001e-06, 1.09e-25, 3.74e-25
 1.002e-06, 1.07e-25, 3.86e-25
 1.003e-06, 1.06e-25, 4.00e-25
 1.004e-06, 1.04e-25, 4.13e-25
 1.005e-06, 1.02e-25, 4.28e-25
 1.006e-06, 1.01e-25, 4.43e-25
 1.007e-06, 9.98e-26, 4.59e-25
 1.008e-06, 9.86e-26, 4.76e-25
 1.009e-06, 9.77e-26, 4.95e-25
 1.010e-06, 9.68e-26, 5.14e-25
 1.011e-06, 9.59e-26, 5.35e-25
 1.012e-06, 9.48e-26, 5.55e-25
 1.013e-06, 9.36e-26, 5.75e-25
 1.014e-06, 9.21e-26, 5.93e-25
 1.015e-06, 9.03e-26, 6.10e-25
 1.016e-06, 8.82e-26, 6.25e-25
 1.017e-06, 8.58e-26, 6.38e-25
 1.018e-06, 8.32e-26, 6.49e-25
 1.019e-06, 8.05e-26, 6.58e-25
 1.020e-06, 7.77e-26, 6.66e-25
 1.021e-06, 7.48e-26, 6.72e-25
 1.022e-06, 7.17e-26, 6.76e-25
 1.023e-06, 6.86e-26, 6.77e-25
 1.024e-06, 6.53e-26, 6.76e-25
 1.025e-06, 6.19e-26, 6.73e-25
 1.026e-06, 5.84e-26, 6.70e-25
 1.027e-06, 5.49e-26, 6.66e-25
 1.028e-06, 5.15e-26, 6.61e-25
 1.029e-06, 4.83e-26, 6.49e-25
 1.030e-06, 4.53e-26, 6.43e-25
 1.031e-06, 4.26e-26, 6.33e-25
 1.032e-06, 4.01e-26, 6.24e-25
 1.033e-06, 3.78e-26, 6.14e-25
 1.034e-06, 3.56e-26, 6.02e-25
 1.035e-06, 3.34e-26, 5.86e-25
 1.036e-06, 3.13e-26, 5.70e-25
 1.037e-06, 2.92e-26, 5.52e-25
 1.038e-06, 2.71e-26, 5.35e-25
 1.039e-06, 2.50e-26, 5.17e-25
 1.040e-06, 2.29e-26, 4.97e-25
 1.041e-06, 2.10e-26, 4.76e-25
 1.042e-06, 1.92e-26, 4.55e-25
 1.043e-06, 1.75e-26, 4.35e-25
 1.044e-06, 1.60e-26, 4.15e-25
 1.045e-06, 1.45e-26, 3.95e-25
 1.046e-06, 1.32e-26, 3.76e-25
 1.047e-06, 1.20e-26, 3.57e-25
 1.048e-06, 1.09e-26, 3.39e-25
 1.049e-06, 9.87e-27, 3.21e-25
 1.050e-06, 8.91e-27, 3.10e-25
 1.051e-06, 8.82e-27, 3.00e-25
 1.052e-06, 8.64e-27, 2.91e-25
 1.053e-06, 8.38e-27, 2.84e-25
 1.054e-06, 8.05e-27, 2.81e-25
 1.055e-06, 7.65e-27, 2.78e-25
 1.056e-06, 7.19e-27, 2.75e-25
 1.057e-06, 6.69e-27, 2.72e-25
 1.058e-06, 6.15e-27, 2.69e-25
 1.059e-06, 5.60e-27, 2.66e-25
 1.060e-06, 5.04e-27, 2.62e-25
 1.061e-06, 4.48e-27, 2.59e-25
 1.062e-06, 3.95e-27, 2.56e-25
 1.063e-06, 3.43e-27, 2.53e-25
 1.064e-06, 2.95e-27, 2.50e-25
 1.065e-06, 2.51e-27, 2.47e-25
 1.066e-06, 2.11e-27, 2.43e-25
 1.067e-06, 1.75e-27, 2.40e-25
 1.068e-06, 1.43e-27, 2.37e-25
 1.069e-06, 1.16e-27, 2.34e-25
 1.070e-06, 9.29e-28, 2.31e-25
 1.071e-06, 7.34e-28, 2.28e-25
 1.072e-06, 5.73e-28, 2.24e-25
 1.073e-06, 4.41e-28, 2.21e-25
 1.074e-06, 3.35e-28, 2.18e-25
 1.075e-06, 2.51e-28, 2.15e-25
 1.076e-06, 1.86e-28, 2.12e-25
 1.077e-06, 1.36e-28, 2.09e-25
 1.078e-06, 9.78e-29, 2.05e-25
 1.079e-06, 6.94e-29, 2.02e-25
 1.080e-06, 4.86e-29, 1.99e-25
 1.081e-06, 3.35e-29, 1.96e-25
 1.082e-06, 2.28e-29, 1.93e-25
 1.083e-06, 1.53e-29, 1.89e-25
 1.084e-06, 1.01e-29, 1.86e-25
 1.085e-06, 6.55e-30, 1.83e-25
 1.086e-06, 4.19e-30, 1.80e-25
 1.087e-06, 2.64e-30, 1.76e-25
 1.088e-06, 1.64e-30, 1.73e-25
 1.089e-06, 9.99e-31, 1.70e-25
 1.090e-06, 6.00e-31, 1.67e-25
 1.091e-06, 3.54e-31, 1.63e-25
 1.092e-06, 2.05e-31, 1.60e-25
 1.093e-06, 1.17e-31, 1.57e-25
 1.094e-06, 6.55e-32, 1.54e-25
 1.095e-06, 3.60e-32, 1.50e-25
 1.096e-06, 1.95e-32, 1.47e-25
 1.097e-06, 1.03e-32, 1.44e-25
 1.098e-06, 5.36e-33, 1.41e-25
 1.099e-06, 2.73e-33, 1.37e-25
 1.100e-06, 1.37e-33, 1.34e-25
 1.101e-06, 6.70e-34, 1.31e-25
 1.102e-06, 3.22e-34, 1.28e-25
 1.103e-06, 1.51e-34, 1.24e-25
 1.104e-06, 6.95e-35, 1.21e-25
 1.105e-06, 3.13e-35, 1.18e-25
 1.106e-06, 1.38e-35, 1.14e-25
 1.107e-06, 5.92e-36, 1.11e-25
 1.108e-06, 2.49e-36, 1.08e-25
 1.109e-06, 1.02e-36, 1.04e-25
 1.110e-06, 4.08e-37, 1.01e-25
 1.111e-06, 1.59e-37, 9.78e-26
 1.112e-06, 6.04e-38, 9.45e-26
 1.113e-06, 2.24e-38, 9.12e-26
 1.114e-06, 8.05e-39, 8.79e-26
 1.115e-06, 2.82e-39, 8.45e-26
 1.116e-06, 9.58e-40, 8.12e-26
 1.117e-06, 3.16e-40, 7.79e-26
 1.118e-06, 1.01e-40, 7.45e-26
 1.119e-06, 3.13e-41, 7.12e-26
 1.120e-06, 9.40e-42, 6.78e-26
 1.121e-06, 2.73e-42, 6.45e-26
 1.122e-06, 7.64e-43, 6.11e-26
 1.123e-06, 2.06e-43, 5.77e-26
 1.124e-06, 5.36e-44, 5.44e-26
 1.125e-06, 1.34e-44, 5.10e-26
 1.126e-06, 3.22e-45, 4.76e-26
 1.127e-06, 7.40e-46, 4.43e-26
 1.128e-06, 1.63e-46, 4.09e-26
 1.129e-06, 3.42e-47, 3.75e-26
 1.130e-06, 6.84e-48, 3.41e-26
 1.131e-06, 1.30e-48, 3.07e-26
 1.132e-06, 2.34e-49, 2.73e-26
 1.133e-06, 3.97e-50, 2.39e-26
 1.134e-06, 6.36e-51, 2.05e-26
 1.135e-06, 9.54e-52, 1.71e-26
 1.136e-06, 1.34e-52, 1.37e-26
 1.137e-06, 1.74e-53, 1.03e-26
 1.138e-06, 2.08e-54, 6.85e-27
 1.139e-06, 2.29e-55, 3.43e-27
 1.140e-06, 8e-56, 2e-27
 1.141e-06, 5e-56, 1e-27
 1.142e-06, 2e-56, 8e-28
 1.143e-06, 1e-56, 5e-28
 1.144e-06, 7e-57, 2e-28
 1.145e-06, 5e-57, 1e-28
 1.146e-06, 3e-57, 8e-29
 1.147e-06, 2e-57, 6e-29
 1.148e-06, 1e-57, 5e-29
 1.149e-06, 9e-58, 3e-29
 1.150e-06, 8e-58, 2e-29
 1.151e-06, 7e-58, 2e-29
 1.152e-06, 6e-58, 1e-29
 1.153e-06, 5e-58, 1e-29
 1.154e-06, 4e-58, 9e-30
 1.155e-06, 3e-58, 8e-30
 1.156e-06, 2e-58, 7e-30
 1.157e-06, 1e-58, 6e-30
 1.158e-06, 9e-59, 5e-30
 1.159e-06, 8e-59, 4e-30
 1.160e-06, 7e-58, 3e-30
 1.161e-06, 6e-58, 2e-30
 1.162e-06, 5e-58, 1e-30
 1.163e-06, 4e-58, 9e-31
 1.164e-06, 3e-58, 8e-31
 1.165e-06, 2e-58, 7e-31
 1.166e-06, 1e-58, 6e-31
 1.167e-06, 5e-59, 5e-31
 1.168e-06, 4e-59, 4e-31
 1.169e-06, 3e-59, 3e-31
 1.170e-06, 2e-59, 2e-31
 1.171e-06, 1e-59, 1e-31
 1.172e-06, 9e-60, 9e-32
 1.173e-06, 8e-60, 8e-32
 1.174e-06, 7e-60, 7e-32
 1.175e-06, 6e-60, 6e-32
 1.176e-06, 5e-60, 5e-32
 1.177e-06, 4e-60, 4e-32
 1.178e-06, 3e-60, 3e-32
 1.179e-06, 2e-60, 2e-32
 1.180e-06, 1e-60, 1e-32
 1.181e-06, 9e-61, 1e-32
 1.182e-06, 9e-61, 9e-33
 1.183e-06, 8e-61, 8e-33
 1.184e-06, 8e-61, 8e-33
 1.185e-06, 7e-61, 7e-33
 1.186e-06, 6e-61, 6e-33
 1.187e-06, 5e-61, 5e-33
 1.188e-06, 4e-61, 4e-33
 1.189e-06, 3e-61, 3e-33
 1.190e-06, 2e-61, 2e-33
 1.191e-06, 1e-61, 1e-33
 1.192e-06, 9e-62, 9e-34
 1.193e-06, 8e-62, 8e-34
 1.194e-06, 7e-62, 7e-34
 1.195e-06, 6e-62, 6e-34
 1.196e-06, 5e-62, 5e-34
 1.197e-06, 4e-62, 4e-34
 1.198e-06, 3e-62, 3e-34
 1.199e-06, 2e-62, 2e-34
 1.200e-06, 1e-62, 1e-34
 1.201e-06, 9e-63, 9e-35
 1.202e-06, 8e-63, 8e-35
 1.203e-06, 7e-63, 7e-35
 1.204e-06, 6e-63, 6e-35
 1.205e-06, 5e-63, 5e-35
 1.206e-06, 4e-63, 4e-35
 1.207e-06, 3e-63, 3e-35
 1.208e-06, 2e-63, 2e-35
 1.209e-06, 1e-63, 1e-35
 1.210e-06, 1e-63, 1e-35
 1.211e-06, 9e-64, 9e-36
 1.212e-06, 8e-64, 8e-36
 1.213e-06, 7e-64, 7e-36
 1.214e-06, 6e-64, 6e-36
 1.215e-06, 5e-64, 5e-36
 1.216e-06, 4e-64, 4e-36
 1.217e-06, 3e-64, 3e-36
 1.218e-06, 2e-64, 2e-36
 1.219e-06, 1e-64, 1e-36
