6D5/2-8S7/2,	0.0024798,	0.0000039,	0.0000000,	 40977
6D3/2-8S7/2,	0.0008289,	0.0000002,	0.0000000,	 40851
6D7/2-8S7/2,	0.0044377,	0.0000419,	0.0000003,	 40712
6D1/2-8S7/2,	0.0000000,	0.0000004,	0.0000000,	 40621
6D9/2-8S7/2,	0.0056812,	0.0000985,	0.0000041,	 39779
6I15/2-8S7/2,	0.0000000,	0.0000013,	0.0269396,	 36725
6I13/2-8S7/2,	0.0000000,	0.0000082,	0.0241747,	 36711
6I11/2-8S7/2,	0.0000000,	0.0000150,	0.0176741,	 36526
6I17/2-8S7/2,	0.0000000,	0.0000000,	0.0214127,	 36461
6I9/2-8S7/2,	0.0000016,	0.0000112,	0.0103653,	 36231
6I7/2-8S7/2,	0.0000000,	0.0000033,	0.0041309,	 35878
6P3/2-8S7/2,	0.0000133,	0.0000000,	0.0000000,	 33302
6P5/2-8S7/2,	0.0004052,	0.0000003,	0.0000000,	 32766
6P7/2-8S7/2,	0.0010083,	0.0000051,	0.0000004,	 32224