3H5-5I8,	0.0000000,	0.0024000,	0.0032000,	36773
1L8-5I8,	0.0002000,	0.0056000,	0.0016000,	36516
3F2-5I8,	0.0000000,	0.0000000,	0.0035000,	36364
3H4-5I8,	0.0000000,	0.2635000,	0.0041000,	36046
3P0-5I8,	0.0000000,	0.0000000,	0.0000000,	36050
3G3-5I8,	0.0000000,	0.0000000,	0.0036000,	35224
3G4-5I8,	0.0000000,	0.3040000,	0.0492000,	34794
3L8-5I8,	0.0017000,	0.0005000,	0.0108000,	34306
3M10-5I8,	0.0003000,	0.0696000,	0.0808000,	34264
3P1-5I8,	0.0000000,	0.0000000,	0.0000000,	33398
3D3-5I8,	0.0000000,	0.0000000,	0.0030000,	33339
5G2-5I8,	0.0000000,	0.0000000,	0.0010000,	30813
3K6-5I8,	0.0026000,	0.0002000,	0.0026000,	30036
3F4-5I8,	0.0000000,	0.1260000,	0.0047000,	30017
3L9-5I8,	0.0185000,	0.0052000,	0.1536000,	29020
5G3-5I8,	0.0000000,	0.0000000,	0.0133000,	28816
5F2-5I8,	0.0000000,	0.0000000,	0.0041000,	28301
3H6-5I8,	0.2155000,	0.1179000,	0.0028000,	27675
5G5-5I8,	0.0000000,	0.0790000,	0.1610000,	27653
3K7-5I8,	0.0058000,	0.0046000,	0.0338000,	26117
5G4-5I8,	0.0000000,	0.0315000,	0.0359000,	25826
3G5-5I8,	0.0000000,	0.5338179,	0.0001646,	23887
5F1-5I8,	0.0000000,	0.0000000,	0.0000000,	22375
5G6-5I8,	1.5201108,	0.8410263,	0.1410964,	22094
3K8-5I8,	0.0208539,	0.0333588,	0.1578514,	21308
5F2-5I8,	0.0000000,	0.0000000,	0.1921165,	21130
5F3-5I8,	0.0000000,	0.0000000,	0.3459835,	20673
5F4-5I8,	0.0000000,	0.2391588,	0.7070477,	18612
5S2-5I8,	0.0000000,	0.0000000,	0.2267898,	18354
5F5-5I8,	0.0000000,	0.4250055,	0.5686635,	15519
5I4-5I8,	0.0000000,	0.0000006,	0.0077097,	13219
5I5-5I8,	0.0000000,	0.0099513,	0.0936415,	11165
5I6-5I8,	0.0084255,	0.0385942,	0.6921187,	 8614
5I7-5I8,	0.0249781,	0.1343692,	1.5216204,	 5116