2D5/2-4I9/2,	0.0007000,	0.0006000,	0.0034000,	34450
2H11/2-4I9/2,	0.0001000,	0.0001000,	0.0002000,	33913
2D3/2-4I9/2,	0.0000000,	0.0112000,	0.0012000,	33481
2H9/2-4I9/2,	0.0001000,	0.0085000,	0.0000000,	32567
2L17/2-4I9/2,	0.0000000,	0.0010000,	0.0012000,	30747
4D7/2-4I9/2,	0.0000000,	0.0037000,	0.0080000,	30554
2I13/2-4I9/2,	0.0001000,	0.0013000,	0.0017000,	29966
2L15/2-4I9/2,	0.0000000,	0.0248000,	0.0097000,	29260
4D1/2-4I9/2,	0.0000000,	0.2584000,	0.0000000,	28894
2I11/2-4I9/2,	0.0049000,	0.0146000,	0.0034000,	28624
4D5/2-4I9/2,	0.0001000,	0.0567000,	0.0275000,	28477
4D3/2-4I9/2,	0.0000000,	0.1960000,	0.0170000,	28312
2P3/2-4I9/2,	0.0000000,	0.0014000,	0.0008000,	26260
2D5/2-4I9/2,	0.0000000,	0.0002000,	0.0021000,	23865
2P1/2-4I9/2,	0.0000000,	0.0367000,	0.0000000,	23140
4G11/2-4I9/2,	0.0000000,	0.0053000,	0.0080000,	21563
2D3/2-4I9/2,	0.0000000,	0.0188000,	0.0002000,	21266
2G9/2-4I9/2,	0.0010000,	0.0148000,	0.0139000,	21171
2K15/2-4I9/2,	0.0000000,	0.0052000,	0.0143000,	21016
4G9/2-4I9/2,	0.0046000,	0.0608000,	0.0406000,	19544
2K13/2-4I9/2,	0.0069000,	0.0002000,	0.0312000,	19300
4G7/2-4I9/2,	0.0551829,	0.1575348,	0.0553452,	19018
2G7/2-4I9/2,	0.0756687,	0.1848501,	0.0313910,	17333
4G5/2-4I9/2,	0.8978513,	0.4092854,	0.0358914,	17167
2H11/2-4I9/2,	0.0000557,	0.0026723,	0.0103605,	16026
4F9/2-4I9/2,	0.0008714,	0.0092309,	0.0416621,	14854
4F7/2-4I9/2,	0.0009864,	0.0422939,	0.4244894,	13565
4S3/2-4I9/2,	0.0000000,	0.0026944,	0.2352404,	13460
2H9/2-4I9/2,	0.0092243,	0.0079976,	0.1154513,	12738
4F5/2-4I9/2,	0.0009659,	0.2370999,	0.3970185,	12573
4F3/2-4I9/2,	0.0000000,	0.2293435,	0.0548707,	11527
4I15/2-4I9/2,	0.0000000,	0.0000637,	0.0452683,	 6080
4I13/2-4I9/2,	0.0000662,	0.0135702,	0.4556863,	 4005
4I11/2-4I9/2,	0.0194432,	0.1073318,	1.1649272,	 2007