5G4-5I4,	0.0093000,	0.0957000,	0.0787000,	20181
3H5-5I4,	0.0001000,	0.0057000,	0.0062000,	19617
3K8-5I4,	0.0000000,	0.0003000,	0.0088000,	18719
5G3-5I4,	0.1444000,	0.2655000,	0.0454000,	18256
5G2-5I4,	0.7215000,	0.2433000,	0.0041000,	17857
3H4-5I4,	0.0064000,	0.0210000,	0.0240000,	17327
3K7-5I4,	0.0000000,	0.0020000,	0.0200000,	17163
3K6-5I4,	0.0024124,	0.0025412,	0.0103573,	15875
5F5-5I4,	0.0000025,	0.0021000,	0.0346214,	15863
5F4-5I4,	0.0004719,	0.0290884,	0.2402638,	14562
5S2-5I4,	0.0000195,	0.0011061,	0.2294745,	14337
5F3-5I4,	0.0000427,	0.1041269,	0.4253161,	13651
5F2-5I4,	0.0025748,	0.1992357,	0.1263642,	12811
5F1-5I4,	0.0000000,	0.1404143,	0.0000000,	12398
5I8-5I4,	0.0000000,	0.0000192,	0.0103382,	 6611
5I7-5I4,	0.0000000,	0.0025085,	0.1580754,	 4876
5I6-5I4,	0.0018311,	0.0300917,	0.6892561,	 3186
5I5-5I4,	0.0246598,	0.1172321,	0.9694231,	 1577
