4I9/2-6H5/2,	0.0000000,	0.0004000,	0.0003000,	34591
2L17/2-6H5/2,	0.0000000,	0.0000000,	0.0000000,	34357
4F9/2-6H5/2,	0.0000000,	0.0000000,	0.0000000,	34061
2K13/2-6H5/2,	0.0000000,	0.0002000,	0.0001000,	33825
2F5/2-6H5/2,	0.0000000,	0.0005000,	0.0000000,	33767
4P5/2-6H5/2,	0.0000000,	0.0021000,	0.0000000,	32706
4P3/2-6H5/2,	0.0000000,	0.0136000,	0.0000000,	31508
2L15/2-6H5/2,	0.0000000,	0.0000000,	0.0002000,	31408
4G11/2-6H5/2,	0.0000000,	0.0000000,	0.0003000,	31349
4P1/2-6H5/2,	0.0000000,	0.0000000,	0.0000000,	31093
4G5/2-6H5/2,	0.0002000,	0.0002000,	0.0000000,	30232
4G9/2-6H5/2,	0.0001000,	0.0009000,	0.0013000,	30099
4G7/2-6H5/2,	0.0000000,	0.0006000,	0.0004000,	29980
4H13/2-6H5/2,	0.0000000,	0.0000000,	0.0002000,	29827
4H11/2-6H5/2,	0.0000000,	0.0001000,	0.0005000,	29381
4L19/2-6H5/2,	0.0000000,	0.0000000,	0.0000000,	29322
4K17/2-6H5/2,	0.0000000,	0.0000000,	0.0000000,	29178
4D7/2-6H5/2,	0.0000000,	0.0005000,	0.0375000,	29107
4H9/2-6H5/2,	0.0000000,	0.0002000,	0.0006000,	29012
4K15/2-6H5/2,	0.0000000,	0.0000000,	0.0000000,	28732
4H7/2-6H5/2,	0.0013000,	0.0006000,	0.0000000,	28396
4D5/2-6H5/2,	0.0000000,	0.0170000,	0.0000000,	27722
4D3/2-6H5/2,	0.0001000,	0.0251000,	0.0000000,	27714
4F9/2-6H5/2,	0.0000000,	0.0004000,	0.0000000,	27207
4K13/2-6H5/2,	0.0000000,	0.0005000,	0.0010000,	26967
4L17/2-6H5/2,	0.0000000,	0.0000000,	0.0002000,	26749
6P7/2-6H5/2,	0.0000000,	0.0016000,	0.0751000,	26660
4D1/2-6H5/2,	0.0001000,	0.0000000,	0.0000000,	26573
4G11/2-6H5/2,	0.0000000,	0.0001000,	0.0010000,	25718
4L15/2-6H5/2,	0.0000000,	0.0000000,	0.0060000,	25638
4M21/2-6H5/2,	0.0000000,	0.0000000,	0.0000000,	25224
4K11/2-6H5/2,	0.0000000,	0.0004000,	0.0027000,	25177
6P3/2-6H5/2,	0.0000000,	0.1684000,	0.0000000,	24999
4F7/2-6H5/2,	0.0002000,	0.0012000,	0.0003000,	24775
4L13/2-6H5/2,	0.0000000,	0.0081000,	0.0096000,	24562
6P5/2-6H5/2,	0.0000000,	0.0263000,	0.0000000,	24101
4M19/2-6H5/2,	0.0000000,	0.0000000,	0.0000000,	23902
4I15/2-6H5/2,	0.0000000,	0.0000000,	0.0002000,	22966
4G9/2-6H5/2,	0.0001000,	0.0010000,	0.0028000,	22706
4M17/2-6H5/2,	0.0000000,	0.0000000,	0.0053000,	22370
4F5/2-6H5/2,	0.0004000,	0.0002000,	0.0000000,	22098
4I13/2-6H5/2,	0.0000000,	0.0030000,	0.0228000,	21650
4I11/2-6H5/2,	0.0000000,	0.0000000,	0.0108000,	21096
4M15/2-6H5/2,	0.0000000,	0.0000000,	0.0307000,	20627
4I9/2-6H5/2,	0.0022000,	0.0005000,	0.0014000,	20526
4G7/2-6H5/2,	0.0004000,	0.0018000,	0.0025000,	20014
4F3/2-6H5/2,	0.0002631,	0.0000194,	0.0000000,	18832
4G5/2-6H5/2,	0.0002387,	0.0007346,	0.0000000,	17924
6F11/2-6H5/2,	0.0000000,	0.0006115,	0.0514844,	10517
6F9/2-6H5/2,	0.0000203,	0.0206789,	0.3411380,	 9136
6F7/2-6H5/2,	0.0020330,	0.1429835,	0.4299645,	 7977
6F5/2-6H5/2,	0.0331748,	0.2840653,	0.0000000,	 7131
6F3/2-6H5/2,	0.1444285,	0.1363585,	0.0000000,	 6641
6H15/2-6H5/2,	0.0000000,	0.0000000,	0.0042882,	 6508
6F1/2-6H5/2,	0.1938677,	0.0000000,	0.0000000,	 6397
6H13/2-6H5/2,	0.0000000,	0.0006506,	0.0659698,	 5042
6H11/2-6H5/2,	0.0000000,	0.0240268,	0.2649178,	 3624
6H9/2-6H5/2,	0.0256488,	0.1394395,	0.3268064,	 2290
6H7/2-6H5/2,	0.2061279,	0.1959967,	0.0953163,	 1080