1S0-3H4,	0.0000000,	0.0070270,	0.0000000,	46900
3P2-3H4,	0.0000490,	0.0362454,	0.1354723,	22535
1I6-3H4,	0.0092665,	0.0517020,	0.0239125,	21500
3P1-3H4,	0.0000000,	0.1706738,	0.0000000,	21330
3P0-3H4,	0.0000000,	0.1727307,	0.0000000,	20706
1D2-3H4,	0.0026555,	0.0170270,	0.0520223,	16840
1G4-3H4,	0.0012209,	0.0071521,	0.0266525,	 9885
3F4-3H4,	0.0187214,	0.0500268,	0.4849207,	 6973
3F3-3H4,	0.0654489,	0.3468984,	0.6982543,	 6540
3F2-3H4,	0.5089083,	0.4032063,	0.1177126,	 5149
3H6-3H4,	0.0001065,	0.0329713,	0.1394837,	 4496
3H5-3H4,	0.1094873,	0.2017042,	0.6109343,	 2322
