1S0-3H6,	0.0000000,	0.0000000,	0.0001553,	79592
3P2-3H6,	0.0000000,	0.2645148,	0.0223155,	38193
3P1-3H6,	0.0000000,	0.0000000,	0.1239106,	36298
3P0-3H6,	0.0000000,	0.0000000,	0.0756208,	35637
1I6-3H6,	0.0106068,	0.0388558,	0.0134168,	34886
1D2-3H6,	0.0000000,	0.3156233,	0.0927906,	28032
1G4-3H6,	0.0482625,	0.0748364,	0.0124885,	21374
3F2-3H6,	0.0000000,	0.0000327,	0.2580804,	15116
3F3-3H6,	0.0000000,	0.3163907,	0.8410927,	14510
3H4-3H6,	0.2372840,	0.1090403,	0.5947180,	12720
3H5-3H6,	0.1073904,	0.2314197,	0.6383669,	 8390
3F4-3H6,	0.5374299,	0.7261070,	0.2382114,	 5811
